raw_material:2097.44
forex:1.13738
crypto:13863.959961
stock_exchange:5349.299805
