stock_exchange:5407.750000
forex:1.06971
raw_material:1743.70
crypto:11887.309570
