stock_exchange:5382.910156
forex:1.14218
