crypto:13863.959961
forex:1.13738
stock_exchange:5349.299805
raw_material:2097.44
